9300110990413301433581
9300110990413301436223
9300110990413301429188
9300110990413301428846
9300110990413301422738
9300110990413301433901
9300110990413301430306
9300110990413301433598
9300110990413301428358
9300110990413301422745
9300110990413301433857
9300110990413315026311
9300110990413315051009
9300110990413315026298
9300110990413315026489
9300110990413315044889
9300110990413315026649
9300110990413315026496
9300110990413315044858
9300110990413315028605
9300110990413315026328
9300110990413315043608
9300110990413315026656
9300110990413315026274
9300110990413315044865
9300110990413315026663
9300110990413315050996
9300110990413315028674
9300110990413315026335
9300110990413315044513
9300110990413315044506
9300110990413315028599
9300110990413315028582
9300110990413315026281
9300110990413283602920
9300110990413283582888
9300110990413283592320
9300110990413283582352
9300110990413283582901
9300110990413283588989
9300110990413283591910
9300110990413283581409
9300110990413283581423
9300110990413283599763
9300110990413283581416
9300110990413283588996
9300110990413283580648
9300110990413283574586
9300110990413283602210
9300110990413283580617
9300110990413283599749
9300110990413283594690
9300110990413283598650
9300110990413283582406
9300110990413283580594
9300110990413283598926
9300110990413283582871
9300110990413283582390
9300110990413283599732
9300110990413283582376
9300110990413283592313
9300110990413283581430
9300110990413283602180
9300110990413283588972
9300110990413283591927
9300110990413283588958
9300110990413283602227
9300110990413283598667
9300110990413283599787
9300110990413283581133
9300110990413283598629
9300110990413283598643
9300110990413283598636
9300110990413283581447
9300110990413283592337
9300110990413283582369
9300110990413283580624
9300110990413283574647
9300110990413283580587
9300110990413283602203
9300110990413283582895
9300110990413283582864
9300110990413283602197
9300110990413283592306
9300110990413283602500
9300110990413283580600
9300110990413283582345
9300110990413283603330
9300110990413283602913
9300110990413283582338
9300110990413283574630
9300110990413283580631
9300110990413283602487
9300110990413283588965
9300110990413283574562
9300110990413283574579
9300110990413283582383

